387576.328
387337.528
387097.693
386856.844
386615.001
386372.187
386128.422
385883.729
385638.130
385391.647
385144.304
384896.124
384647.130
384397.347
384146.800
383895.512
383643.510
383390.817
383137.462
382883.468
382628.863
382373.674
382117.928
381861.652
381604.874
381347.623
381089.925
380831.812
380573.310
380314.451
380055.263
379795.777
379536.023
379276.031
379015.834
378755.461
378494.944
378234.316
377973.607
377712.852
377452.082
377191.331
376930.631
376670.016
376409.520
376149.177
375889.020
375629.086
375369.407
375110.020
374850.960
374592.261
374333.959
374076.091
373818.692
373561.799
373305.448
373049.675
372794.517
372540.012
372286.196
372033.107
371780.781
371529.257
371278.573
371028.765
370779.872
370531.931
370284.982
370039.062
369794.209
369550.462
369307.858
369066.438
368826.238
368587.297
368349.655
368113.349
367878.418
367644.901
367412.836
367182.261
366953.215
366725.737
366499.865
366275.637
366053.091
365832.266
365613.199
365395.928
365180.491
364966.926
364755.270
364545.560
364337.835
364132.129
363928.482
363726.928
363527.504
363330.248
363135.193
362942.376
362751.833
362563.599
362377.708
362194.194
362013.093
361834.438
361658.263
361484.600
361313.484
361144.945
360979.017
360815.731
360655.118
360497.210
360342.037
360189.629
360040.015
359893.225
359749.288
359608.232
359470.084
359334.871
359202.622
359073.361
358947.114
358823.907
358703.764
358586.709
358472.766
358361.957
358254.306
358149.833
358048.560
357950.506
357855.694
357764.140
357675.864
357590.885
357509.218
357430.882
357355.892
357284.263
357216.010
357151.146
357089.687
357031.642
356977.026
356925.848
356878.120
356833.851
356793.051
356755.726
356721.886
356691.537
356664.685
356641.335
356621.493
356605.162
356592.345
356583.045
356577.263
356575.001
356576.258
356581.035
356589.330
356601.140
356616.464
356635.298
356657.637
356683.476
356712.811
356745.634
356781.938
356821.715
356864.958
356911.656
356961.799
357015.377
357072.379
357132.791
357196.602
357263.798
357334.364
357408.286
357485.549
357566.135
357650.028
357737.210
357827.664
357921.370
358018.309
358118.461
358221.805
358328.321
358437.985
358550.776
358666.670
358785.644
358907.674
359032.734
359160.801
359291.847
359425.846
359562.773
359702.598
359845.295
359990.835
360139.190
360290.330
360444.225
360600.845
360760.160
360922.139
361086.750
361253.962
361423.743
361596.059
361770.878
361948.168
362127.894
362310.022
362494.518
362681.349
362870.478
363061.871
363255.494
363451.309
363649.281
363849.375
364051.554
364255.782
364462.021
364670.236
364880.388
365092.442
365306.359
365522.102
365739.634
365958.917
366179.913
366402.584
366626.892
366852.800
367080.268
367309.260
367539.736
367771.658
368004.989
368239.690
368475.722
368713.048
368951.628
369191.426
369432.403
369674.520
369917.740
370162.024
370407.335
370653.635
370900.887
371149.051
371398.092
371647.971
371898.651
372150.095
372402.267
372655.128
372908.643
373162.775
373417.488
373672.745
373928.510
374184.748
374441.423
374698.500
374955.943
375213.717
375471.788
375730.121
375988.682
376247.436
376506.351
376765.391
377024.525
377283.719
377542.941
377802.157
378061.335
378320.445
378579.453
378838.328
379097.041
379355.559
379613.852
379871.890
380129.643
380387.082
380644.177
380900.900
381157.221
381413.112
381668.546
381923.495
382177.931
382431.828
382685.158
382937.896
383190.015
383441.490
383692.295
383942.406
384191.797
384440.444
384688.324
384935.413
385181.688
385427.124
385671.701
385915.396
386158.186
386400.051
386640.969
386880.919
387119.880
387357.834
387594.758
387830.636
388065.446
388299.171
388531.791
388763.289
388993.648
389222.849
389450.876
389677.712
389903.340
390127.744
390350.910
390572.821
390793.462
391012.820
391230.878
391447.624
391663.044
391877.124
392089.851
392301.212
392511.196
392719.790
392926.983
393132.762
393337.117
393540.037
393741.512
393941.531
394140.085
394337.163
394532.757
394726.858
394919.457
395110.545
395300.115
395488.159
395674.669
395859.638
396043.060
396224.927
396405.233
396583.972
396761.138
396936.726
397110.730
397283.145
397453.967
397623.191
397790.813
397956.829
398121.235
398284.027
398445.202
398604.758
398762.691
398918.999
399073.680
399226.731
399378.151
399527.937
399676.090
399822.606
399967.486
400110.728
400252.332
400392.297
400530.624
400667.312
400802.362
400935.774
401067.548
401197.685
401326.186
401453.052
401578.285
401701.886
401823.857
401944.199
402062.914
402180.004
402295.472
402409.321
402521.551
402632.167
402741.171
402848.566
402954.355
403058.541
403161.128
403262.119
403361.517
403459.327
403555.553
403650.197
403743.265
403834.760
403924.686
404013.049
404099.851
404185.099
404268.796
404350.946
404431.556
404510.630
404588.172
404664.188
404738.683
404811.661
404883.128
404953.090
405021.551
405088.517
405153.994
405217.986
405280.500
405341.540
405401.113
405459.223
405515.878
405571.081
405624.840
405677.159
405728.045
405777.504
405825.540
405872.160
405917.369
405961.175
406003.581
406044.594
406084.221
406122.466
406159.335
406194.835
406228.971
406261.749
406293.174
406323.253
406351.991
406379.394
406405.467
406430.216
406453.647
406475.766
406496.577
406516.087
406534.301
406551.224
406566.862
406581.220
406594.303
406606.117
406616.668
406625.959
406633.996
406640.785
406646.330
406650.636
406653.708
406655.552
406656.171
406655.570
406653.754
406650.728
406646.496
406641.063
406634.433
406626.609
406617.597
406607.401
406596.024
406583.471
406569.745
406554.850
406538.791
406521.570
406503.192
406483.659
406462.975
406441.144
406418.169
406394.053
406368.799
406342.410
406314.889
406286.239
406256.462
406225.561
406193.539
406160.399
406126.141
406090.770
406054.287
406016.694
405977.993
405938.186
405897.275
405855.262
405812.149
405767.936
405722.626
405676.220
405628.719
405580.124
405530.437
405479.659
405427.790
405374.832
405320.785
405265.650
405209.428
405152.119
405093.724
405034.242
404973.676
404912.024
404849.286
404785.464
404720.557
404654.564
404587.487
404519.323
404450.074
404379.739
404308.318
404235.809
404162.213
404087.529
404011.756
403934.893
403856.940
403777.896
403697.760
403616.531
403534.208
403450.790
403366.276
403280.665
403193.955
403106.146
403017.235
402927.223
402836.107
402743.886
402650.558
402556.123
402460.579
402363.925
402266.158
402167.277
402067.281
401966.169
401863.939
401760.588
401656.116
401550.522
401443.803
401335.957
401226.984
401116.882
401005.650
400893.285
400779.786
400665.152
400549.381
400432.472
400314.424
400195.234
400074.903
399953.427
399830.807
399707.040
399582.126
399456.064
399328.852
399200.489
399070.975
398940.308
398808.488
398675.514
398541.385
398406.100
398269.660
398132.063
397993.308
397853.397
397712.328
397570.102
397426.718
397282.177
397136.478
396989.622
396841.610
396692.441
396542.117
396390.639
396238.006
396084.221
395929.284
395773.196
395615.960
395457.576
395298.046
395137.372
394975.557
394812.601
394648.509
394483.281
394316.921
394149.431
393980.815
393811.075
393640.216
393468.240
393295.150
393120.952
392945.650
392769.246
392591.746
392413.155
392233.478
392052.718
391870.883
391687.977
391504.006
391318.975
391132.892
390945.763
390757.594
390568.391
390378.163
390186.916
389994.658
389801.397
389607.141
389411.898
389215.677
389018.486
388820.335
388621.233
388421.189
388220.213
388018.316
387815.508
387611.799
387407.201
387201.724
386995.381
386788.182
386580.140
386371.267
386161.576
385951.080
385739.792
385527.725
385314.893
385101.310
384886.991
384671.950
384456.202
384239.762
384022.646
383804.870
383586.450
383367.402
383147.743
382927.491
382706.661
382485.273
382263.344
382040.893
381817.937
381594.496
381370.589
381146.236
380921.456
380696.270
380470.697
380244.759
380018.477
379791.871
379564.965
379337.778
379110.335
378882.657
378654.767
378426.688
378198.444
377970.058
377741.555
377512.959
377284.294
377055.585
376826.858
376598.137
376369.449
376140.820
375912.276
375683.843
375455.548
375227.419
374999.483
374771.766
374544.298
374317.107
374090.220
373863.666
373637.474
373411.674
373186.294
372961.364
372736.914
372512.974
372289.573
372066.743
371844.514
371622.916
371401.981
371181.740
370962.225
370743.465
370525.494
370308.344
370092.045
369876.631
369662.133
369448.584
369236.017
369024.463
368813.957
368604.530
368396.216
368189.047
367983.058
367778.280
367574.748
367372.494
367171.552
366971.955
366773.737
366576.932
366381.572
366187.690
365995.322
365804.499
365615.256
365427.626
365241.642
365057.337
364874.744
364693.898
364514.830
364337.574
364162.163
363988.629
363817.005
363647.323
363479.617
363313.917
363150.257
362988.667
362829.180
362671.828
362516.640
362363.649
362212.886
362064.380
361918.162
361774.263
361632.712
361493.538
361356.771
361222.440
361090.573
360961.199
360834.345
360710.040
360588.310
360469.183
360352.685
360238.841
360127.679
360019.222
359913.497
359810.527
359710.336
359612.949
359518.388
359426.676
359337.835
359251.888
359168.854
359088.756
359011.612
358937.443
358866.269
358798.107
358732.976
358670.893
358611.876
358555.940
358503.102
358453.377
358406.779
358363.324
358323.023
358285.890
358251.938
358221.177
358193.620
358169.275
358148.154
358130.265
358115.617
358104.218
358096.074
358091.192
358089.579
358091.238
358096.176
358104.395
358115.899
358130.690
358148.770
358170.141
358194.803
358222.755
358253.996
358288.526
358326.342
358367.441
358411.819
358459.472
358510.395
358564.582
358622.028
358682.724
358746.664
358813.839
358884.240
358957.858
359034.681
359114.699
359197.901
359284.273
359373.804
359466.479
359562.284
359661.204
359763.224
359868.328
359976.499
360087.719
360201.970
360319.235
360439.493
360562.726
360688.912
360818.031
360950.061
361084.980
361222.767
361363.396
361506.846
361653.092
361802.109
361953.871
362108.354
362265.531
362425.375
362587.859
362752.955
362920.636
363090.873
363263.637
363438.899
363616.628
363796.795
363979.369
364164.319
364351.613
364541.221
364733.109
364927.246
365123.598
365322.133
365522.817
365725.616
365930.497
366137.425
366346.366
366557.284
366770.145
366984.913
367201.554
367420.030
367640.306
367862.347
368086.115
368311.574
368538.687
368767.418
368997.729
369229.584
369462.945
369697.774
369934.034
370171.688
370410.699
370651.027
370892.635
371135.486
371379.542
371624.764
371871.114
372118.556
372367.049
372616.558
372867.042
373118.466
373370.789
373623.976
373877.987
374132.785
374388.332
374644.591
374901.523
375159.092
375417.259
375675.988
375935.241
376194.981
376455.171
376715.774
376976.753
377238.073
377499.695
377761.585
378023.706
378286.022
378548.497
378811.095
379073.782
379336.522
379599.281
379862.022
380124.712
380387.317
380649.802
380912.133
381174.277
381436.200
381697.870
381959.252
382220.315
382481.027
382741.354
383001.265
383260.728
383519.713
383778.188
384036.122
384293.485
384550.247
384806.377
385061.846
385316.626
385570.686
385823.998
386076.534
386328.265
386579.164
386829.204
387078.357
387326.597
387573.896
387820.230
388065.571
388309.895
388553.176
388795.390
389036.511
389276.517
389515.382
389753.084
389989.600
390224.906
390458.979
390691.799
390923.343
391153.589
391382.517
391610.106
391836.335
392061.184
392284.634
392506.665
392727.258
392946.394
393164.056
393380.225
393594.883
393808.013
394019.598
394229.622
394438.068
394644.921
394850.164
395053.783
395255.762
395456.088
395654.745
395851.720
396046.999
396240.570
396432.418
396622.533
396810.901
396997.511
397182.351
397365.410
397546.677
397726.141
397903.793
398079.622
398253.619
398425.774
398596.079
398764.525
398931.104
399095.807
399258.628
399419.558
399578.590
399735.719
399890.937
400044.238
400195.616
400345.067
400492.584
400638.163
400781.799
400923.488
401063.225
401201.007
401336.831
401470.692
401602.589
401732.518
401860.477
401986.465
402110.478
402232.516
402352.578
402470.661
402586.766
402700.892
402813.038
402923.205
403031.392
403137.601
403241.832
403344.085
403444.363
403542.666
403638.996
403733.355
403825.746
403916.170
404004.630
404091.129
404175.669
404258.255
404338.889
404417.575
404494.317
404569.119
404641.986
404712.921
404781.929
404849.015
404914.184
404977.442
405038.793
405098.244
405155.799
405211.465
405265.248
405317.154
405367.190
405415.362
405461.677
405506.141
405548.762
405589.547
405628.503
405665.637
405700.958
405734.473
405766.189
405796.116
405824.260
405850.631
405875.236
405898.085
405919.185
405938.545
405956.175
405972.083
405986.278
405998.770
406009.567
406018.678
406026.115
406031.885
406035.998
406038.465
406039.294
406038.496
406036.081
406032.058
406026.438
406019.231
406010.446
406000.094
405988.186
405974.732
405959.741
405943.225
405925.194
405905.658
405884.629
405862.116
405838.130
405812.682
405785.782
405757.442
405727.672
405696.482
405663.884
405629.888
405594.504
405557.745
405519.620
405480.140
405439.317
405397.160
405353.681
405308.891
405262.799
405215.417
405166.757
405116.827
405065.640
405013.205
404959.533
404904.636
404848.523
404791.206
404732.693
404672.998
404612.128
404550.096
404486.911
404422.583
404357.124
404290.543
404222.850
404154.055
404084.169
404013.201
403941.162
403868.061
403793.908
403718.713
403642.486
403565.236
403486.972
403407.705
403327.443
403246.196
403163.973
403080.784
402996.637
402911.542
402825.507
402738.541
402650.653
402561.852
402472.146
402381.543
402290.053
402197.684
402104.443
402010.339
401915.381
401819.575
401722.929
401625.453
401527.152
401428.035
401328.110
401227.383
401125.862
401023.554
400920.467
400816.606
400711.979
400606.594
400500.456
400393.571
400285.948
400177.591
400068.508
399958.703
399848.185
399736.958
399625.028
399512.401
399399.083
399285.079
399170.395
399055.036
398939.008
398822.315
398704.963
398586.957
398468.301
398349.000
398229.060
398108.484
397987.277
397865.444
397742.989
397619.916
397496.230
397371.933
397247.031
397121.528
396995.426
396868.730
396741.443
396613.569
396485.112
396356.075
396226.460
396096.272
395965.514
395834.189
395702.299
395569.848
395436.838
395303.273
395169.156
395034.488
394899.273
394763.514
394627.212
394490.371
394352.992
394215.079
394076.634
393937.658
393798.155
393658.127
393517.575
393376.502
393234.911
393092.802
392950.180
392807.044
392663.399
392519.245
392374.585
392229.420
392083.753
391937.586
391790.921
391643.760
391496.105
391347.958
391199.320
391050.195
390900.584
390750.489
390599.912
390448.856
390297.322
390145.313
389992.832
389839.879
389686.458
389532.572
389378.221
389223.410
389068.140
388912.413
388756.234
388599.603
388442.525
388285.001
388127.035
387968.629
387809.788
387650.513
387490.808
387330.677
387170.122
387009.147
386847.757
386685.953
386523.742
386361.125
386198.108
386034.693
385870.887
385706.693
385542.115
385377.158
385211.827
385046.127
384880.062
384713.639
384546.861
384379.736
384212.267
384044.462
383876.325
383707.864
383539.084
383369.991
383200.593
383030.895
382860.905
382690.630
382520.077
382349.253
382178.166
382006.824
381835.235
381663.407
381491.348
381319.067
381146.572
380973.873
380800.979
380627.898
380454.641
380281.217
380107.636
379933.908
379760.044
379586.054
379411.949
379237.740
379063.438
378889.055
378714.602
378540.092
378365.535
378190.945
378016.334
377841.715
377667.101
377492.505
377317.940
377143.421
376968.960
376794.572
376620.272
376446.075
376271.993
376098.044
375924.242
375750.603
375577.141
375403.874
375230.818
375057.988
374885.401
374713.075
374541.026
374369.271
374197.828
374026.715
373855.950
373685.550
373515.535
373345.922
373176.730
373007.979
372839.688
372671.876
372504.562
372337.766
372171.509
372005.810
371840.691
371676.170
371512.270
371349.011
371186.415
371024.501
370863.293
370702.811
370543.077
370384.114
370225.943
370068.587
369912.067
369756.407
369601.629
369447.756
369294.810
369142.816
368991.795
368841.772
368692.770
368544.812
368397.921
368252.122
368107.438
367963.893
367821.511
367680.316
367540.332
367401.583
367264.093
367127.887
366992.988
366859.420
366727.209
366596.379
366466.953
366338.956
366212.412
366087.346
365963.781
365841.743
365721.255
365602.341
365485.026
365369.333
365255.287
365142.911
365032.229
364923.266
364816.044
364710.587
364606.918
364505.062
364405.040
364306.876
364210.594
364116.215
364023.762
363933.258
363844.725
363758.185
363673.659
363591.170
363510.738
363432.386
363356.134
363282.002
363210.011
363140.182
363072.535
363007.088
362943.862
362882.876
362824.149
362767.699
362713.544
362661.702
362612.192
362565.030
362520.233
362477.817
362437.800
362400.197
362365.023
362332.294
362302.024
362274.227
362248.918
362226.111
362205.818
362188.052
362172.825
362160.149
362150.036
362142.497
362137.542
362135.182
362135.425
362138.282
362143.761
362151.869
362162.616
362176.008
362192.052
362210.754
362232.120
362256.156
362282.866
362312.254
362344.325
362379.081
362416.526
362456.661
362499.488
362545.009
362593.224
362644.133
362697.736
362754.032
362813.020
362874.697
362939.060
363006.108
363075.836
363148.239
363223.315
363301.056
363381.458
363464.514
363550.217
363638.560
363729.535
363823.133
363919.346
364018.164
364119.577
364223.575
364330.146
364439.279
364550.961
364665.181
364781.924
364901.178
365022.927
365147.158
365273.855
365403.003
365534.585
365668.584
365804.985
365943.768
366084.916
366228.410
366374.232
366522.362
366672.780
366825.465
366980.397
367137.554
367296.915
367458.459
367622.161
367788.000
367955.951
368125.992
368298.098
368472.245
368648.407
368826.560
369006.678
369188.735
369372.705
369558.560
369746.275
369935.821
370127.171
370320.297
370515.171
370711.764
370910.048
371109.993
371311.570
371514.749
371719.501
371925.795
372133.601
372342.887
372553.625
372765.781
372979.326
373194.227
373410.453
373627.972
373846.752
374066.760
374287.965
374510.334
374733.835
374958.434
375184.098
375410.795
375638.491
375867.154
376096.750
376327.245
376558.605
376790.799
377023.791
377257.548
377492.036
377727.222
377963.071
378199.551
378436.626
378674.264
378912.429
379151.090
379390.211
379629.758
379869.699
380109.998
380350.623
380591.540
380832.715
381074.114
381315.705
381557.453
381799.325
382041.288
382283.309
382525.355
382767.392
383009.388
383251.310
383493.126
383734.802
383976.308
384217.609
384458.675
384699.474
384939.972
385180.140
385419.946
385659.358
385898.344
386136.876
386374.920
386612.448
386849.428
387085.831
387321.626
387556.784
387791.276
388025.071
388258.142
388490.458
388721.992
388952.715
389182.599
389411.615
389639.737
389866.937
390093.188
390318.462
390542.733
390765.975
390988.162
391209.267
391429.265
391648.131
391865.840
392082.366
392297.686
392511.774
392724.608
392936.164
393146.417
393355.345
393562.926
393769.137
393973.955
394177.358
394379.326
394579.836
394778.868
394976.402
395172.416
395366.890
395559.805
395751.142
395940.881
396129.003
396315.490
396500.324
396683.487
396864.961
397044.728
397222.773
397399.078
397573.627
397746.404
397917.394
398086.581
398253.949
398419.486
398583.175
398745.003
398904.956
399063.021
399219.184
399373.434
399525.757
399676.141
399824.575
399971.047
400115.546
400258.061
400398.581
400537.097
400673.598
400808.075
400940.519
401070.920
401199.271
401325.562
401449.786
401571.936
401692.003
401809.981
401925.863
402039.643
402151.315
402260.873
402368.311
402473.624
402576.807
402677.857
402776.768
402873.537
402968.159
403060.633
403150.954
403239.120
403325.128
403408.977
403490.665
403570.189
403647.549
403722.744
403795.773
403866.635
403935.331
404001.861
404066.225
404128.424
404188.459
404246.331
404302.042
404355.593
404406.988
404456.227
404503.314
404548.252
404591.044
404631.694
404670.204
404706.579
404740.824
404772.942
404802.939
404830.820
404856.589
404880.252
404901.815
404921.284
404938.664
404953.963
404967.188
404978.344
404987.440
404994.482
404999.478
405002.435
405003.363
405002.269
404999.162
404994.049
404986.941
404977.846
404966.774
404953.734
404938.735
404921.788
404902.903
404882.090
404859.359
404834.721
404808.188
404779.769
404749.477
404717.322
404683.316
404647.472
404609.800
404570.312
404529.022
404485.942
404441.083
404394.459
404346.083
404295.967
404244.124
404190.569
404135.314
404078.373
404019.760
403959.488
403897.571
403834.024
403768.860
403702.095
403633.742
403563.816
403492.331
403419.303
403344.746
403268.675
403191.105
403112.052
403031.530
402949.555
402866.143
402781.308
402695.067
402607.435
402518.428
402428.061
402336.351
402243.313
402148.964
402053.319
401956.394
401858.207
401758.771
401658.105
401556.225
401453.146
401348.885
401243.458
401136.882
401029.173
400920.348
400810.423
400699.414
400587.339
400474.213
400360.053
400244.876
400128.698
400011.535
399893.405
399774.323
399654.307
399533.372
399411.535
399288.813
399165.221
399040.777
398915.496
398789.395
398662.491
398534.799
398406.335
398277.117
398147.159
398016.478
397885.090
397753.011
397620.257
397486.843
397352.786
397218.101
397082.804
396946.910
396810.434
396673.393
396535.801
396397.674
396259.027
396119.875
395980.233
395840.115
395699.537
395558.514
395417.059
395275.188
395132.914
394990.253
394847.218
394703.823
394560.082
394416.010
394271.620
394126.925
393981.939
393836.676
393691.148
393545.369
393399.352
393253.110
393106.655
392960.000
392813.157
392666.140
392518.960
392371.629
392224.159
392076.562
391928.850
391781.034
391633.125
391485.136
391337.076
391188.958
391040.791
390892.587
390744.355
390596.107
390447.853
390299.602
390151.365
390003.151
389854.970
389706.832
389558.746
389410.721
389262.766
389114.890
388967.102
388819.410
388671.823
388524.350
388376.997
388229.774
388082.688
387935.747
387788.959
387642.330
387495.869
387349.582
387203.476
387057.559
386911.836
386766.315
386621.001
386475.902
386331.023
386186.370
386041.949
385897.767
385753.828
385610.138
385466.702
385323.527
385180.615
385037.974
384895.607
384753.520
384611.716
384470.201
384328.978
384188.053
384047.429
383907.111
383767.102
383627.406
383488.026
383348.968
383210.233
383071.826
382933.750
382796.008
382658.604
382521.540
382384.820
382248.446
382112.421
381976.749
381841.431
381706.471
381571.871
381437.634
381303.762
381170.257
381037.123
380904.360
380771.972
380639.961
380508.329
380377.077
380246.209
380115.726
379985.631
379855.924
379726.609
379597.687
379469.161
379341.031
379213.301
379085.972
378959.045
378832.524
378706.410
378580.704
378455.409
378330.527
378206.060
378082.009
377958.377
377835.166
377712.377
377590.014
377468.078
377346.571
377225.495
377104.854
376984.648
376864.881
376745.555
376626.673
376508.236
376390.248
376272.712
376155.629
376039.003
375922.837
375807.133
375691.895
375577.126
375462.829
375349.007
375235.664
375122.803
375010.428
374898.543
374787.151
374676.255
374565.861
374455.973
374346.593
374237.728
374129.380
374021.555
373914.258
373807.493
373701.265
373595.579
373490.440
373385.853
373281.825
373178.360
373075.464
372973.143
372871.402
372770.249
372669.689
372569.728
372470.373
372371.630
372273.507
372176.010
372079.145
371982.922
371887.345
371792.424
371698.165
371604.577
371511.667
371419.443
371327.913
371237.086
371146.971
371057.574
370968.906
370880.976
370793.791
370707.362
370621.697
370536.806
370452.699
370369.385
370286.873
370205.175
370124.299
370044.257
369965.058
369886.712
369809.231
369732.625
369656.905
369582.081
369508.165
369435.168
369363.101
369291.975
369221.802
369152.594
369084.361
369017.117
368950.871
368885.638
368821.428
368758.253
368696.126
368635.059
368575.065
368516.155
368458.342
368401.639
368346.057
368291.611
368238.312
368186.174
368135.208
368085.428
368036.846
367989.476
367943.330
367898.421
367854.762
367812.366
367771.246
367731.415
367692.885
367655.669
367619.782
367585.234
367552.040
367520.211
367489.761
367460.703
367433.049
367406.811
367382.003
367358.637
367336.725
367316.279
367297.313
367279.838
367263.866
367249.409
367236.480
367225.090
367215.251
367206.974
367200.271
367195.153
367191.632
367189.718
367189.422
367190.756
367193.730
367198.354
367204.638
367212.594
367222.230
367233.556
367246.583
367261.319
367277.773
367295.955
367315.873
367337.536
367360.953
367386.131
367413.077
367441.801
367472.309
367504.608
367538.706
367574.609
367612.323
367651.854
367693.209
367736.392
367781.410
367828.267
367876.968
367927.518
367979.920
368034.178
368090.297
368148.278
368208.126
368269.843
368333.431
368398.892
368466.228
368535.440
368606.529
368679.496
368754.342
368831.065
368909.666
368990.145
369072.500
369156.729
369242.832
369330.806
369420.648
369512.357
369605.928
369701.358
369798.644
369897.781
369998.764
370101.590
370206.251
370312.744
370421.061
370531.197
370643.144
370756.896
370872.445
370989.783
371108.902
371229.794
371352.448
371476.858
371603.011
371730.899
371860.511
371991.837
372124.865
372259.583
372395.980
372534.045
372673.763
372815.123
372958.111
373102.714
373248.917
373396.706
373546.068
373696.986
373849.446
374003.432
374158.928
374315.918
374474.385
374634.313
374795.683
374958.479
375122.683
375288.277
375455.242
375623.559
375793.210
375964.175
376136.434
376309.968
376484.756
376660.779
376838.014
377016.442
377196.041
377376.790
377558.666
377741.649
377925.715
378110.842
378297.007
378484.188
378672.362
378861.504
379051.592
379242.601
379434.508
379627.289
379820.919
380015.373
380210.627
380406.655
380603.434
380800.937
380999.140
381198.015
381397.539
381597.685
381798.426
381999.738
382201.593
382403.966
382606.829
382810.157
383013.922
383218.097
383422.657
383627.573
383832.820
384038.368
384244.193
384450.265
384656.559
384863.046
385069.699
385276.490
385483.393
385690.379
385897.421
386104.492
386311.563
386518.608
386725.598
386932.506
387139.305
387345.966
387552.463
387758.767
387964.851
388170.688
388376.250
388581.509
388786.439
388991.012
389195.201
389398.978
389602.316
389805.189
390007.569
390209.429
390410.743
390611.484
390811.625
391011.139
391210.001
391408.184
391605.661
391802.407
391998.395
392193.600
392387.996
392581.557
392774.259
392966.074
393156.979
393346.949
393535.958
393723.982
393910.996
394096.976
394281.898
394465.737
394648.470
394830.073
395010.523
395189.795
395367.868
395544.718
395720.322
395894.658
396067.704
396239.437
396409.835
396578.877
396746.542
396912.807
397077.652
397241.056
397402.998
397563.458
397722.416
397879.852
398035.745
398190.078
398342.830
398493.982
398643.517
398791.414
398937.657
399082.226
399225.105
399366.276
399505.721
399643.424
399779.367
399913.536
400045.912
400176.481
400305.227
400432.134
400557.188
400680.372
400801.674
400921.079
401038.572
401154.141
401267.770
401379.448
401489.162
401596.899
401702.646
401806.392
401908.124
402007.833
402105.505
402201.131
402294.700
402386.201
402475.625
402562.962
402648.202
402731.337
402812.358
402891.255
402968.022
403042.649
403115.130
403185.458
403253.624
403319.622
403383.447
403445.091
403504.550
403561.816
403616.887
403669.755
403720.418
403768.870
403815.107
403859.126
403900.924
403940.496
403977.842
404012.957
404045.840
404076.489
404104.902
404131.078
404155.016
404176.716
404196.176
404213.397
404228.380
404241.123
404251.630
404259.899
404265.934
404269.734
404271.304
404270.644
404267.758
404262.647
404255.316
404245.768
404234.007
404220.036
404203.860
404185.484
404164.912
404142.150
404117.203
404090.077
404060.777
404029.311
403995.685
403959.906
403921.980
403881.916
403839.720
403795.402
403748.969
403700.430
403649.794
403597.069
403542.265
403485.392
403426.460
403365.478
403302.457
403237.408
403170.341
403101.269
403030.201
402957.151
402882.129
402805.149
402726.221
402645.360
402562.578
402477.888
402391.304
402302.838
402212.506
402120.321
402026.297
401930.450
401832.793
401733.342
401632.112
401529.118
401424.377
401317.903
401209.714
401099.825
400988.253
400875.014
400760.126
400643.605
400525.470
400405.736
400284.423
400161.548
400037.128
399911.183
399783.730
399654.789
399524.377
399392.515
399259.220
399124.513
398988.412
398850.938
398712.109
398571.947
398430.470
398287.700
398143.656
397998.358
397851.829
397704.087
397555.155
397405.052
397253.801
397101.422
396947.937
396793.367
396637.733
396481.058
396323.363
396164.669
396005.000
395844.376
395682.821
395520.355
395357.002
395192.784
395027.723
394861.842
394695.162
394527.708
394359.500
394190.563
394020.919
393850.590
393679.600
393507.971
393335.726
393162.888
392989.480
392815.525
392641.046
392466.065
392290.607
392114.693
391938.346
391761.590
391584.448
391406.942
391229.096
391050.932
390872.473
390693.741
390514.761
390335.553
390156.142
389976.550
389796.798
389616.911
389436.909
389256.816
389076.654
388896.445
388716.212
388535.976
388355.759
388175.583
387995.470
387815.442
387635.521
387455.727
387276.082
387096.608
386917.325
386738.254
386559.417
386380.834
386202.526
386024.513
385846.815
385669.453
385492.447
385315.816
385139.581
384963.760
384788.374
384613.441
384438.980
384265.010
384091.551
383918.620
383746.236
383574.416
383403.180
383232.544
383062.526
382893.143
382724.413
382556.353
382388.978
382222.307
382056.354
381891.136
381726.669
381562.969
381400.051
381237.929
381076.620
380916.137
380756.496
380597.710
380439.794
380282.760
380126.624
379971.397
379817.094
379663.726
379511.307
379359.848
379209.363
379059.861
378911.356
378763.858
378617.379
378471.929
378327.518
378184.158
378041.858
377900.627
377760.475
377621.413
377483.447
377346.588
377210.844
377076.222
376942.732
376810.380
376679.174
376549.121
376420.228
376292.503
376165.950
376040.577
375916.390
375793.393
375671.593
375550.995
375431.603
375313.423
375196.458
375080.713
374966.192
374852.898
374740.836
374630.007
374520.417
374412.066
374304.958
374199.094
374094.478
373991.111
373888.994
373788.129
373688.518
373590.161
373493.058
373397.212
373302.622
373209.287
373117.209
373026.387
372936.821
372848.510
372761.453
372675.650
372591.099
372507.798
372425.748
372344.945
372265.388
372187.076
372110.005
372034.175
371959.581
371886.223
371814.096
371743.199
371673.528
371605.081
371537.853
371471.842
371407.045
371343.457
371281.075
371219.895
371159.913
371101.126
371043.529
370987.118
370931.889
370877.838
370824.959
370773.249
370722.704
370673.318
370625.086
370578.005
370532.069
370487.273
370443.614
370401.085
370359.681
370319.399
370280.232
370242.176
370205.226
370169.377
370134.623
370100.960
370068.383
370036.886
370006.464
369977.112
369948.826
369921.600
369895.429
369870.308
369846.233
369823.198
369801.198
369780.228
369760.285
369741.362
369723.455
369706.559
369690.670
369675.783
369661.894
369648.998
369637.090
369626.167
369616.224
369607.256
369599.260
369592.232
369586.167
369581.061
369576.912
369573.714
369571.465
369570.161
369569.797
369570.372
369571.881
369574.322
369577.690
369581.984
369587.200
369593.336
369600.388
369608.354
369617.232
369627.019
369637.712
369649.311
369661.811
369675.212
369689.512
369704.709
369720.800
369737.785
369755.663
369774.430
369794.088
369814.634
369836.066
369858.386
369881.591
369905.680
369930.654
369956.511
369983.252
370010.876
370039.382
370068.771
370099.043
370130.198
370162.235
370195.156
370228.960
370263.649
370299.222
370335.681
370373.025
370411.257
370450.376
370490.384
370531.282
370573.072
370615.753
370659.328
370703.798
370749.164
370795.429
370842.593
370890.658
370939.626
370989.498
371040.277
371091.964
371144.562
371198.071
371252.495
371307.834
371364.092
371421.271
371479.371
371538.397
371598.349
371659.230
371721.042
371783.788
371847.469
371912.088
371977.648
372044.149
372111.596
372179.989
372249.331
372319.625
372390.872
372463.075
372536.236
372610.356
372685.439
372761.485
372838.498
372916.479
372995.429
373075.352
373156.248
373238.119
373320.968
373404.795
373489.602
373575.392
373662.164
373749.921
373838.663
373928.392
374019.110
374110.816
374203.511
374297.198
374391.875
374487.544
374584.206
374681.860
374780.506
374880.146
374980.778
375082.402
375185.019
375288.628
375393.228
375498.819
375605.399
375712.968
375821.525
375931.067
376041.595
376153.106
376265.598
376379.069
376493.517
376608.941
376725.337
376842.703
376961.036
377080.333
377200.591
377321.807
377443.976
377567.096
377691.162
377816.170
377942.117
378068.997
378196.805
378325.537
378455.188
378585.753
378717.225
378849.600
378982.871
379117.032
379252.077
379387.999
379524.792
379662.449
379800.961
379940.323
380080.527
380221.564
380363.427
380506.107
380649.596
380793.885
380938.966
381084.829
381231.464
381378.864
381527.017
381675.913
381825.543
381975.897
382126.962
382278.730
382431.188
382584.325
382738.131
382892.593
383047.699
383203.437
383359.796
383516.762
383674.322
383832.465
383991.176
384150.443
384310.252
384470.589
384631.440
384792.791
384954.629
385116.937
385279.703
385442.910
385606.544
385770.590
385935.031
386099.854
386265.041
386430.576
386596.445
386762.629
386929.114
387095.882
387262.916
387430.200
387597.716
387765.447
387933.376
